65,6
65,5
0,513
65,4
65,3
65,2
0,512
65,1
65,0
0,511
0,510
0,273
0,270
64,4
64,3
64,2
64,1
64,0
0,509
63,3
63,2
0,508
63,1
63,0
0,507
0,506
0,505
62,5
0,504
0,503
62,4
0,502
62,3
62,2
0,501
62,1
62,0
0,500
0,499
61,4
61,3
61,2
0,498
61,1
61,0
0,497
0,496
60,3
60,2
60,1
60,0
59,3
59,2
59,1
59,0
58,4
58,3
58,2
58,1
58,0
57,3
57,2
57,1
57,0
56,3
56,2
56,1
56,0
25,2
25,0
0,495
0,278
0,9
55,35
25,1
25,3
3,2
3,1
3,3
10,88
10,106
10,172
10,174
10,96
10,226
10,100
10,1
10,230
10,2
10,3
11,22
11,10
11,17
11,26
11,14
11,15
11,1
11,24
11,2
11,3
9,7
9,6
9,1
9,4
9,2
9,3
8,17
8,12
8,11
8,16
8,1
8,6
8,2
